Blinking Triforce

12 
114 2 0 255 0 0 1 50 50 255 0 1
63 2 0 255 0 0 2 50 50 255 0 2
125 2 0 255 0 0 3 50 50 255 0 3
71 2 0 255 0 0 4 50 50 255 0 4
 124 2 0 255 0 0 5 255 255 0 0 5
  242 2 0 255 0 0 6 255 0 0 0 6
 225 2 0 255 0 0 7 255 255 0 0 7
 196 2 0 255 0 0 8 255 255 0 0 8
164 2 0 255 0 0 9 50 50 255 0 9
22 2 0 255 0 0 10 50 50 255 0 10
75 2 0 255 0 0 11 50 50 255 0 11
251 2 0 255 0 0 12 50 50 255 0 12

Heartbeat

12 
114 2 0 255 0 0 1 50 50 255 0 1
63 2 0 255 0 0 2 50 50 255 0 2
125 2 0 255 0 0 3 50 50 255 0 3
71 2 0 255 0 0 4 50 50 255 0 4
 124 2 0 255 0 0 5 50 50 255 0 5
  242 2 0 255 0 0 6 50 50 255 0 6
 225 2 0 255 0 0 7 50 50 255 0 7
 196 2 0 255 0 0 8 50 50 255 0 8
164 2 0 255 0 0 9 50 50 255 0 9
22 2 0 255 0 0 10 50 50 255 0 10
75 2 0 255 0 0 11 50 50 255 0 11
251 2 0 255 0 0 12 50 50 255 0 12